143515471
85741735
71457972
2908108256
106799492
59156981
902137872
110354554
97424433
62364020
2706101936
5654472
145579921
2502172122
243716471
2610379644
123138418
257376764
269145593
370711133
1510968974
3526380922
163413904
16980347
1209614366
447433286
1970607968
3285473358
1112166661
422175328
60004557
2789430008
253242925
141214344
24787056
22830586
138605435
2199664468
71098947
174156582
315105182
356667027
152122529
300526090
281666367
314200747
284371894
193060294
3098204839
89107116
20815886
3157739056
768680968114667520
460620990
1379501556
2725725450
55165270
252708604
94245683
33686448
238576433
518389533
21217122
791732926387884032
132216274
175322072
29949567
17130680
1194213805
356677104
173697045
13785352
1034809063
182037498
2326748376
2351435020
4111464136
2229240523
2402058558
77321410
3375721527
860495726
3923649083
31467003
4146493673
43189449
14348618
191873398
14169855
103596643
87690895
382901851
506067767
323149948
2348808775
32071786
89633357
375712053
2816704757
720331094
349381846
418871874
16657113
102688383
772544294137630720
1399965709
826284212
3196213653
4442301695
1485862291
294719044
468731640
8408412
786212672194813953
81000458
578426523
2847886928
258080946
2293516421
3073354949
2244751172
1648631244
207114132
155809091
48395069
41337472
50902973
588605404
591804599
1806671
2551073557
2663928969
19315352
585782554
63707171
1655530248
277408746
1283793956
437669623
205418510
270940424
700332933119414272
2025531
44678898
203597952
1957347541
599445692
3398096555
323274346
248931197
21267682
197598528
1689125262
17824489
118378294
282269833
134152350
3234664235
36679173
4755678875
2322987994
190543244
15519893
543872908
14454583
1040604872
625542640
1170556975
3342756442
17665654
6295782
380538425
236301546
19775711
623948688
156131053
878083386
1264262994
20075370
64556019
162682950
472271131
491426468
302051431
76047938
23019151
214587100
735237505
19563380
15075643
2820871918
319029300
2911144645
167129822
2178554890
28931985
377527019
14735760
89900424
219930660
446742802
39078109
125855207
70389188
22915745
1196145949
168418392
2698629504
718033847930097664
3023752657
82018203
716687022719676416
65332022
141121479
38640756
3877071439
48626994
133856231
102119049
4380411
4417845858
2322723822
145940316
787616782148366336
2347212330
74678948
478954545
305560776
2193433592
1240846296
3304100556
715810118
4593154519
102578904
755649698921345024
791304923841388544
317698183
768738865
793458123344261120
40692308
14430913
3250864230
374735949
156302205
14961827
89237396
741872860407431168
72877928
1908777942
56210818
20973783
2228056004
1210875679
450442747
2316449398
54311555
14993218
57322834
158632671
705020775166685184
83078534
221125308
1914640352
255935729
147258286
21338481
156365299
122672833
127216617
29684260
61218672
25151772
2171855560
284075387
1110962058
396796435
62872680
71302070
1231247078
365367615
127186083
81329096
278516937
40713544
158471550
620214487
2981676459
769833799098241024
296995839
255946292
175756541
373275893
249190612
163148814
180361172
24655213
17424831
1603957266
51013278
20343872
488190692
3064134913
792489392455708672
136371386
485556712
2471882927
291033211
1432265624
206062743
255430770
493941380
1347081
3811502293
2688190572
15488009
58875334
75980633
720811218508849152
4366491613
257320677
228025464
613496890
53454531
156664343
789256404
107008766
453590509
317774985
280370764
1148946805
106843636
780110020461596672
180854053
54751476
25976103
2685131954
554493417
16031661
540223123
79266671
786911784045256704
265069320
227558783
425825960
3459096634
98434540
540744250
91804415
21998279
19280072
15604020
96721010
11892672
142243378
42747982
20039132
446149900
137685030
793273269222797312
84306077
129433156
453209717
50972311
929624545
14244836
376854086
84115838
234641258
2463479774
401160259
383083991
160500308
156226234
1443351012
1705468489
763375765253652480
319457278
68657683
793640186504581120
106795900
4548191940
2174216995
2219985456
4176798072
180331674
92895763
2193608857
39454604
1255519657
1655129347
1675908295
46408133
170651537
14725241
37907842
43406190
259875880
2865599865
2395197084
26475128
298791247
34930255
1188929052
2210273923
1245377257
2497727850
2242214617
34282723
2274181766
2987648555
35541189
3295303734
524732951
79436911
246987245
757034374902743040
2354303918
22477252
33829621
481573383
21850842
785917438189670400
101782427
1437440348
706169419718733824
6177832
120068456
429016990
20070088
737213190681989121
79260733
18821935
14934017
1658664860
704345455342313472
499464698
66370007
83318092
2755420775
147572461
19412382
749383153937244164
2259222409
41701156
3447333252
724529047254917120
1640461520
154600632
89850915
64897527
2669215596
30260663
522477612
2865211326
320756388
396549156
19236015
76912915
203874607
2900142090
19857548
733398318353514496
54941507
194944968
15605226
140830709
1552913352
289396177
21689397
2984476775
793853432138432512
297504225
485223335
458070658
4351459753
50622864
374212382
48198318
155180349
261894160
40847171
885649502
20620547
2824549028
459694718
2414858826
48569961
36714114
2960180055
14156531
153994363
2995578334
16630250
409166295
60760606
1561239990
227640177
744083353431908352
13220972
1017546403
1056873374
1532349217
2460952989
3329627669
3258741314
1708132520
145552068
1694032592
126296982
752434454
97015006
493514962
3188314726
16999368
80354812
22195874
463819805
182114612
45750321
793877800289574912
239057382
281620069
41451604
21112079
234004339
3234250197
156171571
440069397
134019610
3195003018
768214341246078976
1307262936
1860643051
1955591882
724573190
130496112
2980928403
48097506
762683882940534784
231052516
101599701
112354863
2467103148
73984919
3378924153
186287415
230626212
30981617
2450096531
96982320
36136637
2980059869
489094745
2404991192
16223638
16388482
4387461
48938077
723243194
161449578
143616096
860548147
44578594
2790889266
18596959
2151837433
43205023
223570235
524390443
79725820
33490437
16049859
479445356
32131007
3091359827
225372484
23695124
30112164
283512386
40078503
80040576
196651500
20158291
2213419554
127919462
334116390
729424684631130112
166720784
770726787466878976
36278363
2395255403
331481523
541238494
1180539758
287128801
619427787
761671164
44645600
994686457
2353242859
42853357
149431832
20045431
78126698
3082851141
41917868
374438999
86668987
329304994
14511067
4028697493
885336408
789767226249412608
3346971111
953901134
1923986118
248361725
31343671
16669765
4494066677
467046076
4827082615
219151894
19815917
19860569
3973937112
96779709
470412760
413233775
164623724
77827976
70391352
35323518
245323551
1146559795
103140221
4245183196
3127117599
2825383630
1876523509
39936715
756663585707667457
121513127
778378277740122112
18240730
2200072755
1859308328
574136897
746637564
48826221
32653092
51267605
220095890
418264644
71177611
7765902
1413124490
611331270
16169825
22677368
170591589
1382631883
47168113
14715811
112759229
563818641
2953950819
40573844
123063443
16470450
2488873374
25113236
2517601038
767338929112567809
101496743
4666990218
52669647
600235351
49263856
283168534
22078940
45646219
748311795731881984
94114912
3822557232
1426939406
117022992
841448508
321634113
111567872
230094546
227910163
77020260
2413842998
124711644
359299986
4361782161
218100045
444561240
449556346
141514699
68398349
13185272
34403734
1977690018
72701241
98873458
40251516
46228767
2303638746
146850968
7287622
2886602575
40769391
166096228
158697330
264218502
2163213144
28417220
3318597149
49401720
1684636556
109469032
1328586871
216030405
209180682
481567669
2774375013
339825758
273988875
331483931
6927562
155014004
180726357
35857831
88541237
2586648276
113181276
20479369
6456692
2197473794
388545701
87287475
15212202
1497020376
21420819
394339719
347780670
412218454
151471706
444045584
3241686193
307071884
164729685
211314838
4252076728
14286542
21671483
3388544465
23845398
2897133662
300931329
28450322
207016716
18267432
41457911
468476916
8922082
28291808
617875930
28070351
14178066
772890069938081793
637224461
1056165000
470553237
2573219121
49750455
391010001
1299813354
615138587
1259743393
619522261
21875869
44737051
4708108637
2998233178
36746331
2927219833
12144232
800813617
3304637221
132345637
21287437
101879535
2780953026
3758506395
697098786942885888
2340821
603712296
57340573
781965044892524544
391582041
2735624285
79378269
1107690745
270396051
1015987736
1433596662
901169144
336941297
90924839
333867039
1587800580
15374193
898250437
120838314
19919515
1282440788
2231539655
153682905
395496665
235546963
2856962985
236599759
792816445637926912
97359917
264910184
85868833
16059827
107422115
322230922
110614239
118712723
43370459
86866410
182811243
350308945
872616324
218176653
751094263870545924
90510002
467554781
160326340
470228513
51824516
17030728
367853187
953947501
23756473
20066293
2572375764
189975748
72342053
55160211
84390105
2189027816
173736457
2960386147
726316472947986432
230429587
1539218622
28397661
727790783437246465
67290915
2854616179
17641725
2974841467
2366888623
2851697636
746674676492013568
569410380
3198506329
794216898644869120
2535272502
471697777
173297485
2488775060
185954790
329538941
1513009609
543571642
62304497
40936936
780540098
2171653297
3679987464
3191823195
16611081
86762070
588300950
26787826
18245601
170352544
71190470
777593585629814784
73097498
3322188248
31453996
64988324
778629076940500992
111109304
268256709
47039868
62059958
1440700358
713949712194215938
62589198
1382868224
113948965
55197678
1193371062
393362049
64041474
95240527
70380059
1636351038
129126829
29698415
142201059
715130976935026688
195448833
173123534
61606664
2482688934
17625406
19265076
950549930
2912840879
1017832603
2362291682
2986338112
160675684
301381979
27969435
19436808
1600931
33553251
1483276698
81979954
1140305274
922660980
3336074537
19756713
267381861
2254085371
2197970570
20269328
870597439
1584883788
1024124958
17493016
29980396
721377902252683264
422753927
15250896
54507491
39509314
820494696
162914061
3646971856
2876804250
90481271
74426342
61323080
36175296
3057228958
455290024
15309467
133372179
158901096
2875793995
1169020747
23340607
19451813
2369485963
2994564113
529541551
423716129
379378914
2523514141
21024374
98863587
1171182668
20561973
384695518
1708460220
4482616212
20501629
14326901
45261250
48893323
928763503
211419571
535015099
125675649
274670671
15154216
842317388
367676040
1186407745
282751621
1665978758
760416523
843798637
2466234432
1873374613
3147626639
144895933
344633710
3257994684
21287456
268325835
96373498
127537708
21175271
272215307
69482012
13882422
976602654
1202660983
244127595
90344035
32208796
482233945
701970283620470785
479937744
290553151
258997692
57791793
2685923779
3264700257
4787662932
2998667868
878427038
4756047517
3528407837
114785935
42123801
509
247894564
2551467398
157560205
29547017
96399442
1734174698
536785489
359416945
111154233
283608923
28579374
148709111
16974098
758490370309107713
11622902
3230947374
162089681
717836426
738118316452089856
732256913027530753
565815554
1695720008
190760270
1186727431
44622484
349475342
91730206
773045604326993920
101817037
68347623
126798896
2316530562
3258168487
4889990293
1199773272
2193153876
184341382
4693680386
1885833912
218064209
108500760
2805689886
780965092582051840
25133328
723339836757827590
775337026300186624
489827888
88709529
561696170
1373354234
199751278
2411748420
16703283
153740950
2345649007
74479455
2299229156
1393820892
49424310
92506401
79095526
15786675
558081498
2613132308
309103324
253328356
280924003
16898014
111311425
116394463
84824488
2242138508
1023375762
172626466
101431978
757353953935790080
101976764
2515080404
17782870
73416807
273795832
3195840757
4242036260
3091815276
130804711
120686214
15363966
66302156
433114728
166950381
3104054881
860782586
82570700
1873846074
524784220
937472923
119640490
970657332
87118044
794799844913246208
61141419
96286076
990333956
58433580
305814105
618236025
213690076
487962424
19440322
133172077
87117683
4880556981
2960490260
3020447602
405164703
427609692
2403231494
16069130
4487288773
2582743346
160933502
103623830
65417675
1498050319
97011860
957140720
2508603106
3046666154
54641026
21528028
2559174822
36011910
2960171321
1856634302
100209462
1495902908
551812896
821125016
87379460
299195185
9506872
16561291
2856399197
3912881660
4672171753
83441084
321395977
794742773672910848
703551459783118848
713576561799094272
406888732
130542674
822491196
171696906
379579464
508281458
25344410
20842436
135954665
794834856513388544
707234457577779200
43010405
2515586548
313823505
794865427000107008
634866870
700157188
181163587
275892665
312837010
23060688
21293985
133795300
3958952128
214875930
700413748587134976
339912317
305186800
175909588
139661734
29928368
477988545
55553419
792393702119387136
103173046
23067380
1543185697
16102387
231471532
2963859957
738348487
248336674
2745442233
65701751
171158169
452284120
2810344255
25966361
3230421368
794882735416348672
16448937
720502068344201217
2473987760
32884145
269450888
2872381
506169734
163234448
124404304
22623668
3784437202
366070192
21614568
778257690833391616
91070198
750926251
1034054106
63802295
752856230
137123695
20376877
2261733470
1882693742
166228605
604322953
18450619
736905580426715137
186054723
813888230
26619513
117692606
719797334490619905
11363412
150754343
15811626
3367422562
2246728718
229832770
3254261406
69203404
123250518
36727437
18933348
2244462676
1188749005
376989915
122537223
276409190
2184830563
126775981
3307658450
58508534
1107810144
1573710464
794897603565649921
433633820
273360234
52119798
23923212
273967198
235644674
204458885
218047455
1497371880
2600294483
1947445350
14550524
160351387
379112521
208750719
713036018
21507214
757246957056253952
158747192
2411557254
3621489796
61202914
1513256844
39503485
1305569118
471528103
1071362384
137088213
20193668
39261405
762772054408069121
1366998474
310914911
3255474476
238383742
30449971
29010115
54225272
1579149218
16242592
739160998221914112
131604312
333520303
46908882
2324935400
2645861
49102538
72660744
18801710
390400826
1914166975
122909921
118332705
46324534
1476338503
1247390532
1511378161
444792256
213676804
558909704
27070796
15525392
2282717091
2544451983
1475688288
2310997442
128997218
847795915
450676096
68977795
37765689
51687101
2903358217
2890995413
393360279
2312379978
274333027
543778131
791082112967319552
145332416
16423336
14839627
497260242
46021688
144417801
14185846
733409848927223808
1570475924
112758097
1524849332
2508971409
752064640918495232
321612832
2743293411
3089388027
149205496
1152863588
435529602
169523430
358321807
122259179
3308262144
2151075041
545738250
11835212
616272054
57911587
724359440
13342982
2516314615
109957953
2197911244
45045231
1055297540
2798551179
704642483108634625
197915110
183185916
201373006
567487989
2604376542
4517725215
33933098
2752505106
4295867839
221771774
811611757
24850198
4906670200
84875337
4766733902
3941204535
4435617194
733334988897148928
436219503
1619221243
229519907
575390754
68668048
83776043
46741199
214124030
19968342
15650995
456184129
15007269
93735702
29207516
221463422
14498026
21160241
1295519514
25087244
49989431
784232940045635588
543742037
2717299938
143901353
81925617
2874127983
719030791
23824476
17637584
285564031
258781911
385986441
295751809
141385502
4701786715
4133902939
65368080
1091048630
26034446
246569534
46470202
847564946
29579566
58319911
880638594
718368762
4412017879
230968607
1640736770
3025026268
1168891231
2561987932
689443
14881631
17857303
22065705
1447445948
170667264
217279145
8470242
35897341
43557159
556203794
126035165
2161691195
104494262
619897829
23422823
226735349
779291112523661312
23149177
133676329
23850653
378076456
395028940
507360196
403948926
182757818
2234079518
1582680620
36195921
401490814
436385083
499136457
1300002864
150700993
1631096060
17631815
429145193
18915932
20931073
456107269
52962458
17561692
283687814
19105648
2622077688
15989935
2879605897
110001327
44878870
5468322
3310693859
3554680156
707304050367275010
28849765
4866517145
3354681201
546353974
370640708
26101911
2372412859
42553619
78002484
609106644
390663031
288278707
61149862
6352002
415732114
3674647996
105841500
987010334
36909163
3347038577
280942428
2920097186
705857618
107720018
1018160642
172138310
23537720
221713592
16279527
18113347
2227855403
122193273
487876567
57095546
2478991942
22318800
17463956
3315701423
21265639
23452175
165073789
721245979920461824
359169330
261274640
303123367
1141189604
417440374
2645665930
361310741
720648488594366467
131460274
71065435
12228702
1681422211
790552200485437440
207189742
122159107
15598558
1916791734
3540809533
565037272
141124744
399724771
48857727
342777643
15691325
25214566
1752073602
2983132720
3078052982
241735926
2548466150
1252833174
999342018
48855264
14472490
3939183493
753581555008823296
964799808
983281195
2923088181
749747076
90831171
3241714097
1865390934
4099659113
68148241
75842615
19422030
103607051
90856120
19157202
3748708212
737607555858325504
17804034
751309743000518656
624701300
96495092
1028934518
71992801
457331282
833566544
746745576
592612817
2317909435
2357637074
42013343
2422427690
1214335602
24530914
75603588
238364511
280200803
91398387
2501882556
249600784
194954782
188509369
79665915
32193407
783001799380774912
899940428
123058781
3309954151
164157058
25773642
52436759
42421429
18912992
244497804
5948982
16359947
155537738
82056678
20244677
90389307
3018271286
317771821
93109565
129697885
20633844
745963375
114712087
189968838
381925289
7378852
222449438
775262923
1241883061
2180360617
2274222559
3120281874
273346406
1451144844
772157352732684288
756017336818237440
416247723
66470444
1566707948
28249599
1111978806
128924589
1442257567
15797540
339264344
2832583026
28562478
23758349
594293037
15401714
558779605
795673533691133953
145641469
705482779589533698
173142203
43866763
20299053
4818310072
791069538347585536
2431987241
55858730
22533553
1666337360
113988552
2935131893
2837576560
783283774553325570
35494613
81803977
218516662
32927057
153715301
536178856
2998699971
774695745169477632
264728194
394097716
294607130
20490825
574633767
27056183
1079912580
358265157
292071548
3141756500
795688135208370177
24177500
2328418490
38855987
2544056160
3226056694
252516093
42223408
14518496
941329873
351233763
236144624
16101134
27071566
430321074
19026070
3028486809
301131509
72244850
22982668
2205388434
2286457988
96185933
195814998
801096320
24216944
356630390
221622379
29894847
1898668249
44441471
4144281509
197396105
712609620
385293056
3709774034
132802580
3110395221
1143623798
177279835
311519412
780926815
4077359177
563320158
394977649
4275197799
200720939
219329655
178821926
39110593
21310553
2584960714
2335975452
520645013
50619528
768287467
20138264
31094419
15615730
351776318
3254266661
320363828
30682661
853878218
2376877178
35226172
14689526
190570700
1716675360
43352250
160624276
115689804
181995668
33989747
2774671460
308067726
26635131
781553268
231139305
2907183455
40768676
2234018858
2309319691
583353351
1880596854
1101591
345406700
20489626
430493995
560573206
114062496
14511397
277189332
35447423
3090172054
21363503
253639180
23432086
1663760480
90723248
149080277
3293635331
1885983194
30164429
28627322
1386347844
22385768
942113252
1596597066
1935401510
3167681303
150532059
633260448
451426681
493476670
20473822
25815563
94809536
31343615
1118203718
28580927
58459311
256552743
432735153
44668641
201886488
4536647685
92705421
41706212
58755445
15966805
15382897
19416518
1310112145
2504948270
394036840
164955773
71629161
463147205
754921332
2608444667
637265184
2900082724
159569470
65857855
175093585
1385160163
27510625
179054039
21645556
964771512
892823126
2571866154
13740992
268043511
4869114503
25195037
7284492
1002186955
4687878373
2783422992
65445499
115908468
108883864
385225560
120555720
1526616858
4185399737
221560503
2527805071
764506995013496833
795959099070365696
84811314
795983076908298241
262511433
732243207149355008
471592068
366738085
841901120
160630312
87221932
27496143
97610175
754848602
68085362
274112548
27732663
795997959796248576
910820724
287891080
551681039
182179968
2920941247
48944680
4557944566
90101032
2811396564
3318676735
2873102303
753488555071070208
15105778
69951475
954785119
326029626
3336781149
5723252
14413853
516556488
742055695302983680
398292491
277929489
44353233
88738596
3853747515
1272912847
2416321346
893188008
206632031
898162058
236486106
90014982
15378410
15621893
1396008896
15702261
137296976
7846672
228269319
157082557
387505752
23464616
722550085222035456
4153127565
2969498045
392144565
526225187
2800056331
95938737
208016798
374110134
306265272
12096932
41827055
1292291383
328797772
261427312
15553071
290491336
877933230
1678832478
1668987680
23808818
1163326477
854950676
34210603
26485105
23830952
305743837
2994595354
53772526
19159242
2796657390
603939924
3119795147
604972614
318695981
196950879
1491042913
16073359
51905480
612578693
20538964
2872088193
4173288262
26430142
789689215059578882
1002018746
3077621
15125017
796054803608731648
215568590
103958741
729319744206188544
23730399
3183453890
275426669
131126857
3741403168
305434615
329542960
116431320
353404797
14799621
889230312
44302010
268351530
1602373866
3988325908
131804147
563627820
1084312460
60634519
1331094420
41657472
974229547
86799484
794888433885810688
277017869
796067705832886272
36473056
259388933
2880216619
188531618
2559611154
14478142
25707603
256772298
133797586
2865621935
114342489
571557161
15256454
54716547
49144656
191904310
409283690
1066322480
18810267
48177896
1431766428
125043881
345043590
28345343
1536789132
3060203176
93844331
2325499389
381917815
361176156
30069494
20935108
376126981
112057112
5756902
63484106
46697956
253658469
180746428
886604275
132298807
20503865
28594407
473515989
14804040
14291504
558836355
1089848792
271101710
1631057065
342698681
3533658673
258933234
17323794
2478278258
28657265
96366635
46162630
79023303
271216207
103686271
449446363
23575224
827944189
3002347059
250214902
2802874982
1244072876
17656588
788834626827653120
122824390
764119741053046784
23116122
792792450737864704
6546732
42884086
19980549
14338005
385528206
521294236
386805146
153985889
22146910
2307380306
1182971527
3075491106
119307352
14219242
564961562
3115576627
153250923
16406450
2549966083
134300648
125549164
38679292
552516584
20224244
1025480738
61416061
3523578387
27247006
1272524941
222723850
22613878
226850196
335150805
3314867829
19022627
347425053
88283194
65937170
579275009
320275261
36667966
476517739
35005291
2236566084
361313983
53506552
1526183060
821399311
1515611550
630450707
298726497
44896645
2154729774
768077134095118337
62507660
34175835
588631377
15182943
75864539
329078332
791953070850646016
20948750
175085417
4091227407
1198945374
96411400
101076998
2266880004
2800458616
1431493604
367830387
6798862
795646632943636481
47747133
236855399
98891641
394945596
115635864
569374728
16096263
95440086
528138404
328208429
72938553
2972155870
1628265182
122415060
4264937254
325967224
34602739
102611957
796009500599721984
164982238
498757115
3148118937
2373077611
146854424
1477351771
309890984
17126306
928582825
2195033803
399037881
19273402
41489388
2216088554
98177499
880742886
2682185777
4473210739
621122837
6444622
236649070
66737447
314686291
599531261
798620239
982064118
349033999
35811757
397439537
4758727915
136877426
726550880
97355940
182501174
237925217
4708543042
797107888917532672
42371747
320909030
141271246
577095720
61212285
3378554417
19181844
46898921
24595213
15512995
779492010
46632791
82540032
1688175043
68279679
225664678
32167638
716850865
918742332
241997922
494209673
508084280
381335338
770606189839126528
65138263
2618842076
213060183
16464218
583441494
156198324
3339277875
581116722
361615296
19764998
347560553
545272193
183154868
21005195
2273329645
2166638604
14179329
313560239
494206677
23168294
125650028
851645053
252352391
14943648
142245903
208290586
216233305
9238852
2671534411
281911333
738077241599352833
57764758
2381737553
245559934
353899980
774544186922061825
14775460
34338886
319125721
275649940
61538591
76584269
166473207
96930446
3131039308
23048016
1577510622
728704406779248640
1298178577
255613732
788132640578605056
54477310
19230970
103596223
26103360
71548087
64203120
516304987
146366224
241148749
47560962
165085783
157754047
162340562
729370670
216460216
3014240350
3879021226
2921269699
18017497
255584314
77433338
25318115
1417638818
90212179
1844190636
21850314
361497049
553031167
302787205
1454746249
2222698471
2369922028
1342890242
145299291
105380969
8699612
902571277
719446423192866816
2906630166
758859467223990273
187116378
2562289441
27404471
567602439
158026443
2438443749
217888370
42043027
229489271
1327014067
123986777
221163576
152727557
2438518389
545014407
61374037
258270982
88743331
22266982
96691829
65677879
47314415
4082173048
729352392425213952
415455132
185591130
2984153235
2449898280
2852941692
1568524057
1065978944
101057732
862764198
2208324335
777881429715914752
167684507
1583722038
555518975
43597889
80350713
810995676
480064705
3255152359
18784961
738104570132463616
20868424
13471202
45072856
2255625337
305562060
188397745
126899504
229286414
33572294
12241062
47894846
377866568
70479645
764079794
17000855
2608208330
282683778
211600231
95380006
461595055
362766414
3075575168
735171454803709953
3864307895
234427381
857286540
750161892878852097
24328214
2346810774
796919054174916609
723447037732118528
1171440462
251862943
342665159
259311264
17187670
16387631
16082982
17757282
255670226
41649344
1118151961
51786873
23497718
6090642
25579093
51395884
93964759
24166540
755083301358931968
48040595
63919977
11798342
319104368
2955606547
61645110
23319527
176117605
85689253
44138598
417076593
31380384
2491153886
251295443
2526234165
3380629378
87087057
544573543
85167720
514784292
2392733896
702163844601401344
556734588
108743064
1228051986
307360094
2901505328
37031664
317578850
30747247
611144567
14270441
227765308
271211673
54204517
30839985
227778757
29632854
558197416
3301499319
20142261
56629665
2473033850
797507517202870272
3232151900
95119628
53364633
348484311
38219876
550250804
27406845
752446091166003204
103091168
270942939
449167563
1660953337
724043072
456890740
4739186597
49576954
3293619897
248009855
50692708
14714640
848267570
2531506076
532130811
24544757
21651074
21000531
545872232
1722723162
522768886
95410607
277677696
1247387130
1387267123
746695081642561536
771120017257660416
1548937333
858441744
1203174451
1711776426
14174259
315896451
209542391
703924902
47687512
393944957
40552570
220411007
18438538
755080
192548875
319061349
52452960
3236138867
415019975
410965903
90911580
2800223095
11579862
42084462
9614422
494325849
21145162
1976287740
2528223968
557978237
267423926
23367000
121318872
286743424
215054776
89697010
12990382
752848767510978560
2365043832
27495132
861323772
3257076961
277753847
157978194
17836921
2397689268
742381512004407297
3150289771
1600786148
8803432
28314729
789691149459914752
4893071304
14700303
18775623
348829793
42733929
69484226
3084947981
22770097
15198621
781212698
943276956
358929393
4214204713
944969299
15505194
43679357
176095861
21796074
16543736
32068339
22454611
14850093
595728279
1222472503
466587271
2734836958
20538918
25805398
2323965066
568997840
1466110303
716422278922313728
376257732
85780379
217198836
3742475534
873296534
26002541
440112217
799399130
351123880
737858729354350592
25338634
128257538
719331920857829376
216284532
104549508
883435735
1117035426
100049952
242931055
791166101006585857
296356561
717747938684977152
542785859
21234862
1589158129
288616007
144054572
92923106
19533744
14873714
922362608
44106580
3898341375
4647236601
79590645
808338818
410791784
330075667
97781741
3308671617
247788684
27340833
39217139
30949647
443620080
325527178
72844074
117560528
216660177
54528620
785653
11037952
3223932968
64555987
2725396884
437001171
14751142
50358415
332899706
4619005656
1422404605
2755015264
27426298
190020863
5979042
20869961
52110780
40128465
2995736386
798143442685755392
31224604
744869017
276434233
286122382
946760586
272995993
370500323
133463777
457678620
797260509846401025
570103667
295614902
21757700
3245093197
786825663822954496
2519672255
17704691
715998799202750464
197914951
538160189
14750654
2383422907
761839268335542272
13789392
371729504
368787683
19585408
2690680790
1543065206
20624053
27830952
115487106
155580590
161705768
57493418
798244676268597248
959783083
35989093
3154978622
64073573
50804007
4764522918
474807036
108139168
18990027
4811140587
250182550
279596242
221111147
17248402
167760162
22620182
177603947
68270085
561449171
319672097
725787705158852610
352692105
1230093582
2971762210
6382412
520562823
798264681919967232
26300486
258077403
774223682482868224
16927781
226708917
16790101
3027673627
43202905
3025478429
22156838
2304793073
1870505275
3379553531
213667522
152239459
267266289
490268144
97534492
367539891
126275079
20940696
7842092
102098295
1464721
360659460
91451275
56126488
176923496
20725104
1341139117
39547724
19869133
81449152
177649464
2528477549
17207272
3234094484
15737594
1324097502
53550098
17055218
109957012
34916196
117163213
882080665
46929510
32174106
362247601
464652528
341782336
14909182
2238884626
583167077
20983939
2244024631
3968479217
19884529
247823511
2772294399
3456385393
370108024
29297130
322212897
46990412
80417283
204924508
2194937514
1681209787
2684411207
43617802
93036950
115477169
217478505
173449565
72958325
459414811
432631977
51787031
782900988919160832
25547524
91858249
150627187
60145892
1149291
249520069
1111512332
93680887
355118296
39481349
39034193
134224628
64743971
21901481
84043963
22521482
716858894
87177444
404436447
796428966
2347280246
434558465
22563632
20275190
46650229
3147697390
39676291
139165916
259519790
268535433
21391898
18462436
776868277444378624
17347849
318051536
160435815
20545576
236779140
129120198
22369099
14943592
16002149
43760416
174933353
296102483
19383954
1639136594
14457833
41651301
381370193
20942419
2541708894
59553464
16159321
781596449549250562
19303702
386603440
306349842
1549113302
30055872
144781839
171240785
48450018
18807516
2176387967
106226202
45659327
2881248985
783693715680403456
367905176
537274283
100856463
2196597495
307026383
130365577
112985258
328355214
18774780
22303606
20086466
16293078
22129918
616447014
500147183
1688112752
4874294056
732670136671313920
8864572
96631103
33763825
243929223
410966708
2414585990
5371602
67412476
101381642
703273536073441281
1433151373
18499269
14664983
369724927
308095918
38976197
559985798
37302778
2835401918
163963199
629790491
1894226707
457415010
87093720
4794504674
357401070
2861463970
28559574
39108601
121991229
994752650
718156061794959361
225238649
69755865
4539304393
614522642
1543201405
71279127
413488100
715369814399778816
2750197015
257533576
428190299
798847842550829056
55369308
2214797696
83636706
90495964
24038624
2790856567
36297302
2402132041
444100991
247724605
8740862
240081508
65790471
72036571
566379370
1870500607
45559550
309757122
351806152
789936647211196417
39890603
3028048097
707026269
272125098
721786338681311233
49066801
100339412
271641644
131875240
571839701
350388660
532095415
50601606
93693594
3259730341
100414514
798533033267642372
173143092
562366927
4235379560
833345197
1124757457
2841151
787917251273953281
840539215
17084827
4149786681
263063213
13476
727561060895625216
433323017
222950110
39143913
78216781
15190396
2790046598
302648885
362860027
22668418
299621613
585904856
757002082016595968
422289251
561635424
188048561
793611086775803904
1126818205
2920029551
932656033
45151921
401011569
768817137825746944
427732030
3112329991
1200603446
1098487784
703794552151384064
1342169138
387707304
1368629880
274962690
103464555
603129960
39189100
742318445253906433
102357306
376641182
416613533
2708504166
401417703
2436478914
30420973
216663544
3022121611
413904346
1239473694
1202674068
3318894126
768319670562594816
142202059
2307975359
27847210
100468594
2978509899
4881013240
2745156795
134810256
2437510734
199207325
36328605
411343806
807283112
771359221988360193
24585018
68716925
22931421
747496426742099968
120487125
203525025
15601717
163170036
962231755
2347127078
15289170
426482020
172524748
589136523
305857840
35424334
38483405
2838870535
1964114473
488315933
1021201022
1100876221
1142012113
2235597007
1410218906
15207529
2428683302
269701093
101281106
156028949
551360912
1737749366
72068059
4686732030
20258179
135975848
204431120
345876460
2409373158
147917902
2996230871
1375840513
1426169557
1451301258
1036308488
11921652
50161259
20758545
6438972
47678631
783170774592987136
337245834
70730074
230188261
20358234
359026224
6429282
6836922
308360852
271998432
1959727118
949371420
752172830234710017
57842789
51062231
20585607
4230218615
166639440
19169076
70115193
260259473
75684570
254758221
94583597
234533874
260303641
141982530
175745790
2296482313
87422232
1724102322
3336757245
724189970
176357673
583640509
1578211250
759836276421857280
3404642662
142336132
3377092467
4297936101
2994094181
160671279
730805019793084417
219659582
347748696
63969944
29728106
384176726
74750919
76070501
4898726015
339864755
1151687198
3145509142
1154173362
307277058
20754085
296091321
65798263
14579180
19183252
45854707
1331382218
4927024383
1471351405
787955435340963840
115183776
1149784848
496421780
696454631124299776
128488970
4558888055
272464645
17089287
405571289
37946234
445000916
1000196282
1332619080
19466684
100054985
354420398
141825371
4119838889
362570313
432640011
29564945
44579937
400160847
1189778617
776052532279848961
2811064347
403583420
52882287
17723801
1661750371
2663691679
1886749518
100492517
280219418
127661496
204014561
163312261
15994251
248235102
468930314
136309879
2474742326
31185223
73776973
171850503
16811143
162537044
46695189
192038647
209702451
532670919
608713118
2826533876
14641347
1176304364
3294994543
119882978
390715688
184327617
1974766471
2890200662
1182576343
465813458
135502850
541225785
17812154
2278059685
74783759
28798043
270375787
11346592
49449084
32610814
483534529
40040544
13115722
523766861
18727375
509562394
1438929086
3221481337
1001811912
773836591953477632
18365861
1971702318
104940730
17516862
22420712
80940944
102453470
23323328
302140545
54653562
2809021005
2259952085
706566780
613397647
23846387
2352468495
20023001
302494107
741122089
238865844
1317501266
2601361880
2386387016
145173032
298032377
18374624
20949326
721033320
14623584
75590204
245974375
66483383
702926112586915840
14207831
3793208116
21352952
46710008
43098053
436735777
268840105
733420123
88667806
706916183044395008
63519694
71308901
3126644265
794007645912961024
1036909446
19585689
19241818
727607632026963968
300347019
47334501
2748575021
274498719
1474235352
244877786
40817603
52153129
98376265
1410524233
39981806
3501914299
19064035
20102540
27861041
20677803
724405523039154177
75021813
14674489
616764708
81051961
3234224554
236698395
50978209
84665487
2447979388
20110100
303050486
130880279
1411316072
2382556428
1887321529
3983451
61000189
394901408
2386909909
182798124
97881047
231233965
17704456
230699246
362037835
2666930880
1311229880
27104864
736942125955350530
631922808
134441618
2857602875
546341968
2204688295
176594328
69316878
414199689
565729091
3010608646
2531044879
160207018
37954509
286878865
462183860
3223924074
451351464
23351567
4830373930
2148935052
100812916
3491410174
711911823180701696
202408813
85671767
2455443731
741736258087555072
2810379978
200161095
717874126745165824
56059079
3258909594
577875585
38803772
54661186
487585873
85128221
75926289
271780092
49577715
2214993290
3016905330
2877029784
15425623
182870719
1442384731
768856
14395933
1719443911
3410461455
1191357403
424817850
84303818
2333986655
1406113056
148965893
19059957
196309405
158477287
62882873
714357594429624320
150359654
19935499
1671883141
411518320
14874668
3190925202
2987267241
872709084
186780458
2586634320
2522487799
756911903780249600
111327910
121843006
273571191
582981837
14628431
2419698139
20440954
462129514
709958425908809728
15115595
16554812
2424105440
108515417
351687001
40435842
765878594
14919697
194235018
775760642334679041
26098474
636403583
220351462
29835008
116743167
55599346
729613069
369455905
30992650
73518272
29944970
67008051
821754
3428866408
294783981
33999732
19667982
21553468
2325986832
985488008
234734455
337037506
224131376
23546932
150627558
4104563953
1968680929
21716485
163000247
82282101
41440120
50031538
19493996
109078643
2457511662
1089744487
50840885
192716218
44544430
126198197
215234691
4706170160
3295873235
23637312
362107927
189757474
86338748
363083937
802170450
20433550
3066866387
617939434
20149406
2325520489
59679253
2221463849
2936795944
851509518
366433397
475286920
1335117152
357675381
2745563227
232254662
789101445622616064
27840856
1894314398
106546836
467330944
231242626
52867382
2372829579
64847604
66205268
388201143
320989396
703177316222894080
2789078416
111618370
3146735425
437137140
734562935117361152
123786840
518082535
754614798600503296
2203777177
731106299304398848
223831554
50806371
46921021
2358968898
804709879
20175594
4867201349
130562268
456626222
360958018
27226843
1628707292
3313953347
313007804
354568770
198280861
239930106
324356017
1690554211
3234505548
2353497608
718148253154455553
1125508832
2538269001
310982277
398764645
18862091
3529450754
545766641
701959850524172289
80467416
359166210
459525738
180951047
108623154
43745768
104474276
4892425227
9936112
709304977
1236535040
18220706
51705596
558055764
17660203
177602645
27515564
938956316
3550255215
23831269
262505398
311141365
15142607
95632269
315847121
2177400811
735949802555494401
464894610
35651309
784841798757867521
94713291
353946637
23463042
18435372
530991166
448198240
147466515
29556607
2163554173
19561280
629386380
24274762
2739083399
17893066
77238643
14485559
48229732
372078518
5514852
91489196
44602971
15381530
785335641567399936
247129746
285198348
1142708088
23987086
54692356
3152925899
219972908
15719115
39236354
2920314764
56783725
400974596
263702645
463873324
136436560
42674100
2359888806
145874524
774275636101873668
1306172023
426789868
2448319279
55693415
2233256971
79697957
62814508
3312418358
102404229
42514015
10676462
72573
353661043
35052433
286235883
1341265634
1432735982
1267884572
2763269797
318392592
24695389
174116522
332932185
800007889582694401
1406012990
125271226
2685945696
800013150800052225
281331624
22209374
2561996790
68553165
18990229
87778658
937386000
346821008
700913978613112832
25178941
214049826
2288667011
800029778539663366
16446755
6125442
30498075
54303638
45573099
384493607
15458897
1025536741
299829539
34669158
707773370
423288644
103916371
63904387
3053425841
198172229
189676384
443128256
720631451595730944
179182763
1685411
29273957
1535171107
92751394
331026898
3292659112
3249969534
740933246
338778213
188909741
2842757176
791621557
343400040
255806428
17836135
50875045
14385307
308668205
61238575
1737098306
788180958327496708
2455549007
2150967346
548994187
2908713154
234411699
36302301
43623328
531647275
762703321
18347016
2335238040
197987603
36087548
259958445
237326469
772509729620946944
1337220458
18339499
277514568
14788643
15435643
133331869
713410649578049536
392979982
20146280
35351010
44331382
2896806238
17405012
19902151
800070297743282176
7795092
1118925529
470481043
541924628
176880919
17718528
798974954167554048
39766228
2940118313
1252182044
23612270
778722474
1122913464
156060699
3178584881
2344654473
3065043675
2969821001
3296969429
295914126
729118616
2871931827
19711802
741766918047203328
3050694503
440374871
764956609
813912673
58878430
1418181036
600461531
3897672857
28834961
737119203056967680
426690113
379326796
1600602589
399537469
61751514
56141349
26229798
741559425866010624
2966696381
22146994
30695736
2488667779
1563419432
605164440
15428835
26503214
1307695656
163289933
260369563
256444816
288471472
274009512
118934371
56937718
2198497396
22371039
1074350893
20385487
786296705264287744
23029619
2804124909
413029705
15706176
2859701
3295839460
1648042608
388488683
23153717
1484214871
3177063691
372419089
99585597
1250127331
233312787
21994406
53428538
252253953
89854308
112260814
3229780178
303571901
2574384075
14482449
358553200
721517433538916352
39453137
11706452
165612240
1431216638
2369633411
430809048
3081295815
283334613
552885703
549814903
472489822
28470566
15506142
1361280048
213917715
1018357106
40579242
46719444
575936418
31336494
2554609460
2546490091
184279729
33252526
3051678036
525954482
547837199
4119844480
345772038
338064537
142965641
305962586
102051985
998124780
3284705058
172256673
10766
719489537261625344
138508778
18419676
176780438
272773145
15541644
31192429
705096776
2354415577
3433143912
170900763
392214845
174731651
1180696620
615740736
16453403
210462093
755249551083122688
305586681
357587671
123395375
3892397657
59049313
2950644171
3011852838
48062543
266253359
901548582
20895205
727015442729017344
236232616
83611804
60761780
401161236
3266548591
3267792744
46663356
560133053
343594988
2184528630
4126939212
3314749976
16606729
3181077277
15509365
798486528
25429629
114130230
1573702586
194671239
107000096
15855472
85103117
2834315883
121735661
136149094
1008060450
65671766
14734628
325539957
35409565
102693073
2361238934
3072746393
84244507
41087636
220146294
89387618
2849750228
800254010045235200
1062363906
283536994
21205770
1567605745
191715267
2512416025
1650635150
1086521000
1412117684
735773211451760642
294643011
991586528
499189122
926503100
991453406
21255461
97207982
77475480
513440750
99487477
103806631
62593407
78846651
2329223456
66303237
339832957
329311529
186396137
46182315
2960615859
3742966155
41338557
1919676506
2230205780
2513763727
558637678
1219487846
4382170643
54149487
280615672
26915435
2190895568
2993436715
24877304
2207960883
576407624
16950004
174330911
198569143
14742294
14236062
193235019
37427112
59858166
3227268308
1057665338
2850354907
503768825
1099337910
1384473733
27213120
336926278
1341621092
584718381
439456118
159263436
19016723
284157036
15787103
749279630
549472967
367730005
4655632529
88292193
40679962
25106749
714410708654493696
351511746
1517391378
3409148482
235256727
105833961
23453831
100736255
17833288
82408713
3365770655
40587458
32947886
2217949208
20250863
2877527307
2400350624
175343365
3492828133
288858454
44925306
14529167
372417112
180014124
2569727633
277171700
50294443
777549258
4264297743
3834264970
1895193422
15485578
28020360
43047860
17214068
17222771
259878118
1904855725
46165529
29575514
58427247
3379619679
20843034
2519967950
94343337
387400640
1231623577
175408947
2326570559
313555125
38240110
3240996641
772002303050035200
22755173
315874821
58544041
2462408257
946467277
69642979
1635662430
3310450169
191023805
16267103
2251217125
289820134
15778256
33867511
710965726056583169
31734795
75810365
287507644
375869690
26580403
1350309146
26868028
3265817404
7959232
759078231282638848
15855611
86524944
69329991
1553335416
319263865
39941523
377038855
4062613199
898243878
269668728
33823980
15151130
146474152
2698048315
17001077
758270503983386624
843646129
97826794
294662446
537228017
4034191077
397583631
224221367
476779298
128567981
795994325666643972
1399656060
317235089
8893542
408023435
31692855
53991200
111682405
3356605072
212376850
3236383873
914799030
41782418
131310401
264641850
189583055
121293034
259594608
3246859205
2963141866
11305532
115394346
47828355
1130438024
269474726
2784202105
4024809735
247494076
434476472
794384544426115072
344299153
797604666951528448
41520101
181956696
226868965
153161497
108289005
343116032
193571474
2834723770
35890164
282585489
273174529
87540344
4818190945
383913730
237992556
2380004989
473979454
94971943
94410491
1716777709
38315571
89980430
3119433189
131499245
354611961
592952908
23422003
266200679
1201417339
461108425
2811506728
4184366817
327014020
543471698
29848419
78055287
561409918
1341576906
57288504
761804272958713856
26437630
497265652
298927029
786325716275195908
8244532
302134862
51304946
250322589
711572356699783169
3383049221
496295882
701434220615438337
863823704
19561081
132710839
387870914
198896010
140738682
123025723
577565852
15813022
109925929
337668968
2595468091
459386427
946375664
61149346
1279137632
350880926
116193719
1081254876
142367546
37408744
132005269
347469461
61704955
280209413
759703987
1679087676
356247727
3676929742
2471428339
262822356
37951028
386807990
24939660
114421715
69927346
48958647
2843246140
561325465
2605164456
147460928
140830425
753154724
17810847
381542391
1020993602
1552602110
1076442812
21958732
711115431206068224
2614781971
30765106
24233106
14390535
349933614
20626654
2548386882
216172618
4676322578
2392150831
2512256175
15800559
256778398
1942005980
737539309
24179330
17290429
9517462
434485895
23635205
1362528962
913358126
26301862
7953342
14165197
57003130
48143227
540932531
191183707
20069339
1518478992
18717602
219820054
2309826526
20191009
39537029
481447542
1066864868
922302955
357888999
81670256
20903962
19227346
273959262
50371199
221747817
118136394
21968919
4279312353
30447345
106544864
252739080
784352583490105344
2998739713
1253014562
398455903
596074463
290270216
10277422
77802227
596781268
20073579
71001068
199366565
302803550
228995373
798972200439128064
414352797
39879878
400384411
69474850
531458507
2833719035
2737214268
2355673955
34433974
265630855
5522162
249328403
156623701
195367887
45396140
269479048
2784724098
589334855
402865442
369539092
420319071
736300030664028160
43210034
20628114
28552211
18560045
2803445864
91869181
2313841107
1598735474
76753769
110305499
100523546
382387180
403009918
21146356
130224308
70103189
3319518766
311571280
452934396
40231154
86033862
303200950
329318603
14630611
346830435
882749053
534674922
930517196
57795702
287133343
26750358
300472334
204496582
2308783627
11499522
19211774
90812323
150899457
14558447
72914992
44722841
30757978
218139202
4841541257
3865114815
493598270
336713711
2832857027
803780191
4040003793
73315972
194456264
19554418
2846379856
491333442
471602996
762658755670577153
2561785215
60359323
93569492
137862377
2612742854
92598789
838450579
286908988
61818847
1912262491
3298142167
71146024
41913687
15804019
57179065
40614975
56209539
2280852354
17614296
4453132222
17472111
56453126
200917395
416563129
976104690
2969536731
25366235
3092498920
227772504
2518442961
121136472
20735430
456904837
124378584
75172312
14761966
594725182
1709424714
636831884
294079690
376996665
112242731
15645220
293530588
274626047
298701234
515859292
2492062310
184531361
801408219612676096
767808602
17451918
22311439
148232923
4911969983
56868544
2993107891
50738554
66747704
779706514160267264
517127347
801653160
318855988
737966534656675840
21096258
625628428
572895542
27840175
145108983
31254311
20112896
773042000060874752
2366161788
3309404462
1460207450
214502537
17996188
22125090
384856258
2430635995
48802475
1275164778
21064452
464864514
52348435
232497806
24355783
952983349
33923441
267134567
143612332
438009515
318002294
1350682064
168142515
27319967
801436617475035136
387355633
223806253
295778258
706484538910715908
362667394
1171510662
876278060
768095886270312448
38410095
727072419563851777
130286785
3011672346
801442494793682944
30239798
26320902
274525496
240164412
15649238
540976841
72916147
192924183
181122515
608663
394758913
2744358077
33983638
13889932
555190281
15168641
323147180
282566279
22613689
284317659
26468704
789125708039749632
138978328
394875828
20947704
306561536
746244253995642880
200247517
27668767
21403218
76794335
59253562
2900955341
24775585
60366538
627991062
1722359618
2231321
3046020204
220789658
43246261
3760127177
22384158
56732353
88516314
549018771
26972672
479521185
26507776
66387028
151616339
394562795
58836858
23922408
3034784285
17423469
213370726
541437705
3393955781
259786473
2396008338
16563829
911933083
2256395042
3140414904
55526305
71186880
305758331
2875412410
1228287571
118976585
397526766
789291508939784196
590197001
27530984
983468796
1638891619
21312221
2348189241
25909668
796801011994296320
2378061333
395109057
1464784302
130517879
793286409071144960
75201888
2196545082
462861368
1460017836
2450686806
624261402
473225956
3104877003
789133766
552184008
44197320
118391492
17039457
768163776898142208
18892333
250290906
20728256
604373512
2895257897
277981152
95201845
209210272
748922032826580993
119164502
19466398
255212968
392591095
305115472
24450222
69997985
633802063
781631378416807936
51146497
180449239
205359286
2169616619
236217329
27874867
2448695598
786719672
3297107447
263877050
485239651
2663288658
172809356
371499371
43785941
381862475
1535853464
13338102
115533837
472302309
348844543
3353258373
107424408
18628395
129160124
12354332
180035049
456989537
36906757
1426285704
2171500111
151492311
166723839
404765674
72333951
122131791
19427976
14642815
195901676
1202418104
263268515
20360248
503364751
2965897030
922791229
232351715
46098408
389992849
865852027
1408158571
16185203
2505523524
2499251182
2825890017
54624374
20066854
86746815
15977008
402301033
177671387
51121673
1869335738
261643909
162240752
30303221
103480345
269038631
118136258
37642702
25190571
344023011
2867774871
154961337
152753004
41098730
180018195
308024982
269818273
83923307
348007485
256957064
1713084830
59888177
54165456
746589308333789185
2176836186
719234059826647040
57148953
25494375
799701757852930048
44369828
15597321
2614073504
17097333
164050933
308739087
2203277137
4388365033
2628794032
21291789
1184676811
55194764
815520854
48999832
149248906
68909542
243694590
53913680
4053768057
2896685807
834083874
179958861
211972025
259653951
167464956
3430619985
5876692
19971779
1420997119
272905334
2675385103
3628134922
2405816709
1924142779
22434667
937815072
151609819
160932553
166379619
430736630
479041151
19548229
117139769
1505880222
63865488
192927713
798630247868592128
14927276
1476239612
54005591
70018697
860387348
763115817462530048
109942819
339010888
26517382
131171272
431881426
3692739732
1149629384
20481696
81397139
100564102
3419946779
91364966
359364900
1400566585
2799493600
14751199
15553634
384695895
3437248218
2985785456
68113538
39879551
19722043
728401627
61332132
2575842129
24290236
275685385
292512245
292045747
520776085
4689520165
2794739447
87007083
21883908
214050964
385332429
326419526
20170791
3029158180
135618194
20436976
565475223
19800892
535206377
3027179751
2746580507
69388587
66504207
415057218
124853095
39866523
2884331459
3011736662
4099919249
1675654579
757605
26071574
3083801656
2557264910
82205347
493728966
53998563
382555405
58758689
2376052310
35058231
628687287
367548797
16850092
16660484
1978731926
5667022
241815281
145830764
385203042
545174209
1849660280
60428991
83242054
365682763
798999418103939072
245913277
248367304
114314460
123932503
3226911791
312942948
70992561
751948049925214208
18441486
166821407
9600062
243288465
155003641
15397836
93365182
254079073
874681382
14752991
41813471
262348622
37457768
141671276
157427871
266828930
42763619
1723815079
188550573
790765936278052865
18692122
705298790
782849072524775424
27148620
359869433
36116604
1110121513
251866080
415511628
748135591582261248
38257249
75393640
102629229
20945399
456262193
208449488
602022438
251848896
326928579
23463284
96946861
190832428
2895429625
14500782
539190601
592742670
515780607
53949601
61067371
2610038828
241671334
1666520694
32591879
2158778141
118604678
2354630936
2786115835
2216569016
837872162
57968421
69573818
791477384
362726350
603283521
102148856
409350670
1670962626
281033582
243576204
1088444370
103119956
491556203
710657908606951424
24682331
428200563
263324889
2372082613
2169251984
621238825
220762947
48487340
101568093
36413295
179021299
45234672
223659436
159850097
114051545
53642460
19467470
1376943360
82644975
62618082
891927086
134894526
796372773593579525
855141854
97655036
1056009025
192999357
284108610
342952183
23004663
2977932921
74996434
140502350
52067867
1157715618
29160776
619575922
88655939
200962988
66642678